200
18 3
2 45
13 4
13 22
7 5
3 20
26 15
3 15
42 7
38 25
23 3
22 34
21 18
17 16
22 17
10 14
14 50
49 8
11 10
44 17
24 40
23 23
3 5
41 46
12 19
29 22
28 10
48 37
26 35
14 11
49 24
29 31
27 3
19 23
45 13
32 4
45 40
4 9
34 39
47 17
28 3
16 33
45 45
6 8
34 4
5 23
27 49
25 50
2 21
28 24
49 15
2 1
43 29
7 6
31 19
5 40
29 15
25 12
23 44
22 14
49 39
29 19
43 37
24 13
2 18
4 4
22 18
22 48
28 35
10 21
50 1
42 9
50 25
44 24
17 6
12 35
17 9
30 13
20 5
8 47
19 28
30 18
12 30
33 7
50 42
43 12
16 17
8 12
36 37
6 22
47 38
20 36
13 19
14 24
6 43
42 12
28 22
5 5
4 2
34 41
7 17
48 33
26 3
5 25
31 45
39 11
46 22
17 14
15 26
20 2
10 49
32 5
35 3
20 25
11 49
15 2
17 31
47 26
22 44
46 18
48 30
9 9
50 50
30 30
46 27
27 31
24 11
6 10
38 9
44 32
43 16
50 3
25 1
38 16
17 33
34 15
44 35
15 19
25 23
46 25
37 37
28 38
24 41
34 26
40 11
26 40
17 32
48 4
50 28
47 33
38 46
40 31
34 11
50 26
2 50
10 48
35 38
24 2
42 48
10 41
13 37
16 16
49 43
32 11
10 4
23 7
50 39
26 20
34 34
19 20
29 34
25 20
16 35
33 25
12 48
18 35
50 19
3 36
10 28
27 48
35 26
15 11
35 10
32 7
24 14
18 46
31 34
3 13
15 3
3 2
32 45
14 18
14 8
29 48
7 42
8 43
41 13
2 50
6 47
34 17
